18 20 29 41 48  5 9
14 25 39 44 47  6 10
23 25 34 46 47  6 8
8 17 18 29 43  5 9
7 11 25 31 40  9 12
10 11 12 29 31  8 11
4 13 20 28 49  7 12
7 8 34 39 44  2 6
10 11 12 22 50  1 10
2 33 35 42 48  1 3
1 8 19 37 50  6 9
7 33 38 44 50  2 7
1 2 19 30 45  10 12
4 17 20 25 45  8 9
3 13 27 30 46  1 2
4 15 23 30 39  1 12
5 24 25 29 47  5 9
1 15 25 42 50  4 10
1 3 4 21 29  2 7
10 14 21 33 50  6 9
6 10 16 23 24  11 12
12 22 27 33 45  4 8
19 4 26 28 33  8 12
2 15 32 36 48  3 9   
16 23 32 46 49  4 5
7 14 19 4 40  6 8
4 8 16 17 20  1 6
8 22 29 41 42  9 1
7 20 21 27 38  5 12
8 20 21 36 49  3 5
16 25 29 34 37  3 7
20 30 32 41 44  1 10
